1000 500
400 600
450 1100
380 400
600 800
700 300
1000 750
1000 1050
1750 0
2050 0
450 20
650 20
900 20
1800 20
2150 20
2200 20
400 50
700 50
900 50
1750 50
1900 50
2350 50
2500 50
500 110
650 110
850 110
950 110
700 150
2400 150
2450 150
1650 250
2450 250
150 350
350 350
500 350
750 350
950 350
2350 350
2500 350
450 600
700 600
800 600
100 750
250 750
300 750
400 750
900 750
1050 750
1200 750
2300 750
2400 750
2500 750
750 900
100 1050
2400 1050
2000 1350
2450 1350
650 1550
800 1550
1150 1550
2500 1550