600 1000
600 200
350 900
300 300
200 400
800 400
300 750
900 1050
100 1000
700 400
800 600
900 0
1700 0
2000 0
2500 0
400 20
500 20
600 20
700 20
850 20
2100 20
2150 20
2300 20
2400 20
450 70
1650 70
2150 70
550 100
750 100
850 100
900 110
2400 110
2500 110
600 150
650 150
750 150
950 150
650 200
850 200
1600 200
2400 200
200 300
400 300
800 300
900 300
1000 300
2450 300
2250 300
2300 400
300 450
700 450
900 450
2400 450
400 500
800 500
1100 500
400 550
700 550
850 550
1100 550
2400 550
2500 550
400 650
800 650
900 650
1100 650
2400 650
2450 650
150 700
400 700
650 700
1000 700
0 800
200 800
300 800
700 800
900 800
1200 800
2000 800
2300 800
2450 800
0 850
100 850
2050 850
2500 850
50 950
100 950
200 950
350 950
1100 950
2200 950
2350 950
2450 950
0 1000
100 1000
2050 1000
2450 1000
600 1100
800 1100
850 1100
1200 1100
1300 1100
1400 1100
1600 1100
1850 1100
1900 1100
2250 1100
2400 1100
2500 1100
700 1200
800 1200
950 1200
1700 1200
2000 1200
2400 1200
2450 1200
750 1300
850 1300
900 1300
1950 1300
2300 1300
2400 1300
550 1400
650 1400
800 1400
1300 1400
1900 1400
2000 1400
2200 1400
2500 1400
400 1500
600 1500
700 1500
900 1500
1000 1500
1200 1500
1950 1500
2300 1500
2400 1500
2450 1500
200 1550
600 1550
900 1550
1200 1550
2000 1550
2100 1550
2300 1550
2500 155